Array

[000000000]

[100020000]

[112020000]

[112120200]
[112021200]
[112220100]

[112221120]

[112221121]


[112222110]
[112222101]


[112020210]
[112020201]


[121020000]

[121120020]
[121021020]
[121020120]
[121220010]

[121221012]

[121221112]


[121222110]
[121222011]


[121020021]


[100120200]

[112120200]
[121120200]

[121121220]
[121122210]

[121122211]


[121120221]


[102121200]
[102120210]
[102120201]


[120021000]

[121021020]
[120121020]
[120021120]
[122021010]

[122121210]
[122221110]

[122221111]


[122021211]


[120021021]


[100220100]

[110222100]
[101222100]
[120221100]

[121221120]
[120221112]

[121221112]


[120221121]


[100222110]
[100222101]


[120020010]

[121220010]

[121221012]

[121221112]


[121222110]
[121222011]


[120120210]

[121122210]

[121122211]


[122121210]
[122120211]


[122021010]

[122121210]
[122221110]

[122221111]


[122021211]


[120220110]

[121222110]
[120221112]

[121221112]


[120220111]


[120020211]

[121022211]

[121122211]


[122120211]
[122021211]




[120020001]

[121020021]
[120120021]
[120021021]
[120020121]
[120020211]

[121022211]

[121122211]


[122120211]
[122021211]






[010020000]

[112020000]

[112120200]
[112021200]
[112220100]

[112221120]

[112221121]


[112222110]
[112222101]


[112020210]
[112020201]


[211020000]

[211120002]
[211021002]
[211020102]
[211020012]
[211022001]

[211122201]

[211122211]


[211222101]
[211222011]




[210120000]

[211120002]
[210121002]
[210120102]
[210120012]
[212120001]

[212121201]
[212120121]

[212121121]


[212120211]




[210021000]

[211021002]
[210121002]
[210021102]
[210021012]
[212021001]

[212121201]
[212021121]

[212121121]


[212021211]




[210020100]

[211020102]
[210120102]
[210021102]
[210020112]
[210020121]

[211022121]

[211122121]


[212120121]

[212121121]


[212021121]

[212121121]






[210020010]

[211020012]
[210120012]
[210021012]
[210020112]
[210020211]

[211220211]
[212120211]
[212021211]




[210020001]

[211022001]

[211122201]

[211122211]


[211222101]
[211222011]


[212120001]

[212121201]
[212120121]

[212121121]


[212120211]


[212021001]

[212121201]
[212021121]

[212121121]


[212021211]


[210020121]

[211022121]

[211122121]


[212120121]

[212121121]


[212021121]

[212121121]




[210020211]

[211220211]
[212120211]
[212021211]






[001020000]

[121020000]

[121120020]
[121021020]
[121020120]
[121220010]

[121221012]

[121221112]


[121222110]
[121222011]


[121020021]


[211020000]

[211120002]
[211021002]
[211020102]
[211020012]
[211022001]

[211122201]

[211122211]


[211222101]
[211222011]




[201120000]

[211120002]
[201121002]
[201120102]
[201120012]
[201122001]

[211122201]

[211122211]


[201122121]

[211122121]


[201122211]

[211122211]






[001021002]

[121021002]

[121121022]
[121021122]
[121221012]

[121221112]




[211021002]
[201121002]
[201021102]
[201021012]


[201020100]

[211020102]
[201120102]
[201021102]
[201020112]
[201022101]

[211222101]
[201122121]

[211122121]


[201022111]




[201020010]

[211020012]
[201120012]
[201021012]
[201020112]
[201022011]

[211222011]
[201122211]

[211122211]


[201022111]




[001022001]

[101222001]
[011222001]
[201122001]

[211122201]

[211122211]


[201122121]

[211122121]


[201122211]

[211122211]




[001222101]
[001222011]




[000120000]

[100120200]

[112120200]
[121120200]

[121121220]
[121122210]

[121122211]


[121120221]


[102121200]
[102120210]
[102120201]


[210120000]

[211120002]
[210121002]
[210120102]
[210120012]
[212120001]

[212121201]
[212120121]

[212121121]


[212120211]




[201120000]

[211120002]
[201121002]
[201120102]
[201120012]
[201122001]

[211122201]

[211122211]


[201122121]

[211122121]


[201122211]

[211122211]






[200121000]

[210121002]
[201121002]
[200121102]
[200121012]
[202121001]

[212121201]
[222121101]
[222121011]




[200120100]

[210120102]
[201120102]
[200121102]
[200120112]
[200120121]

[212120121]

[212121121]


[221120121]
[220121121]




[200120010]

[210120012]
[201120012]
[200121012]
[200120112]
[200120211]

[212120211]
[201122211]

[211122211]


[202121211]




[200120001]

[212120001]

[212121201]
[212120121]

[212121121]


[212120211]


[201122001]

[211122201]

[211122211]


[201122121]

[211122121]


[201122211]

[211122211]




[202121001]

[212121201]
[222121101]
[222121011]


[200120121]

[212120121]

[212121121]


[221120121]
[220121121]


[200120211]

[212120211]
[201122211]

[211122211]


[202121211]






[200010000]

[210010020]

[211010220]

[211110222]
[211211220]
[211210221]


[210112020]

[211112220]

[211112221]


[212112120]

[212112121]


[212112021]

[212112121]




[210211020]

[211211220]
[212211120]

[212211121]


[210211221]


[212010120]

[212112120]

[212112121]


[212211120]

[212211121]


[212210121]

[212211121]




[212010021]

[212112021]

[212112121]


[212211021]

[212211121]


[212210121]

[212211121]






[201010200]

[211210200]
[201112200]

[211112220]

[211112221]


[221112210]

[221112211]


[221112201]

[221112211]




[201211200]
[201210210]
[201210201]


[200112000]

[210112020]

[211112220]

[211112221]


[212112120]

[212112121]


[212112021]

[212112121]




[201112200]

[211112220]

[211112221]


[221112210]

[221112211]


[221112201]

[221112211]




[202112100]

[212112102]
[222112110]
[222112101]


[220112010]

[221112210]

[221112211]


[222112110]
[222112011]


[220112001]

[221112201]

[221112211]


[222112101]
[222112011]




[200211000]

[210211200]
[201211200]
[202211100]

[212211120]

[212211121]


[222211110]
[222211101]


[200211210]
[200211201]


[202010100]

[212010120]

[212112120]

[212112121]


[212211120]

[212211121]


[212210121]

[212211121]




[222110100]
[222011100]
[222010110]
[222010101]


[220010010]

[221010210]

[221112210]

[221112211]


[221211210]
[221210211]


[222110010]
[222011010]
[222010110]
[222010011]


[220010001]

[221012001]

[221112201]

[221112211]


[221012101]
[221012211]

[221112211]




[222110001]
[222011001]
[222010101]
[222010011]




[000021000]

[120021000]

[121021020]
[120121020]
[120021120]
[122021010]

[122121210]
[122221110]

[122221111]


[122021211]


[120021021]


[210021000]

[211021002]
[210121002]
[210021102]
[210021012]
[212021001]

[212121201]
[212021121]

[212121121]


[212021211]




[001021002]

[121021002]

[121121022]
[121021122]
[121221012]

[121221112]




[211021002]
[201121002]
[201021102]
[201021012]


[200121000]

[210121002]
[201121002]
[200121102]
[200121012]
[202121001]

[212121201]
[222121101]
[222121011]




[200021100]

[210021102]
[201021102]
[200121102]
[200021112]
[202021101]

[212021121]

[212121121]


[222121101]
[202021111]




[200021010]

[210021012]
[201021012]
[200121012]
[200021112]
[202021011]

[212021211]
[222121011]
[202021111]




[002021001]

[102021201]
[012021201]
[002121201]
[002021121]

[122021121]
[212021121]

[212121121]


[022121121]


[002021211]




[000020100]

[100220100]

[110222100]
[101222100]
[120221100]

[121221120]
[120221112]

[121221112]


[120221121]


[100222110]
[100222101]


[210020100]

[211020102]
[210120102]
[210021102]
[210020112]
[210020121]

[211022121]

[211122121]


[212120121]

[212121121]


[212021121]

[212121121]






[201020100]

[211020102]
[201120102]
[201021102]
[201020112]
[201022101]

[211222101]
[201122121]

[211122121]


[201022111]




[200120100]

[210120102]
[201120102]
[200121102]
[200120112]
[200120121]

[212120121]

[212121121]


[221120121]
[220121121]




[200021100]

[210021102]
[201021102]
[200121102]
[200021112]
[202021101]

[212021121]

[212121121]


[222121101]
[202021111]




[000020112]

[100220112]

[110222112]
[101222112]
[120221112]

[121221112]




[210020112]
[201020112]
[200120112]
[200021112]


[000020121]

[120020121]
[210020121]

[211022121]

[211122121]


[212120121]

[212121121]


[212021121]

[212121121]




[021020121]
[020120121]
[020021121]




[000020010]

[120020010]

[121220010]

[121221012]

[121221112]


[121222110]
[121222011]


[120120210]

[121122210]

[121122211]


[122121210]
[122120211]


[122021010]

[122121210]
[122221110]

[122221111]


[122021211]


[120220110]

[121222110]
[120221112]

[121221112]


[120220111]


[120020211]

[121022211]

[121122211]


[122120211]
[122021211]




[210020010]

[211020012]
[210120012]
[210021012]
[210020112]
[210020211]

[211220211]
[212120211]
[212021211]




[201020010]

[211020012]
[201120012]
[201021012]
[201020112]
[201022011]

[211222011]
[201122211]

[211122211]


[201022111]




[200120010]

[210120012]
[201120012]
[200121012]
[200120112]
[200120211]

[212120211]
[201122211]

[211122211]


[202121211]




[200021010]

[210021012]
[201021012]
[200121012]
[200021112]
[202021011]

[212021211]
[222121011]
[202021111]




[000020112]

[100220112]

[110222112]
[101222112]
[120221112]

[121221112]




[210020112]
[201020112]
[200120112]
[200021112]


[000020211]

[102020211]
[012020211]
[001022211]

[101222211]
[011222211]
[201122211]

[211122211]




[002120211]
[002021211]




[000020001]

[120020001]

[121020021]
[120120021]
[120021021]
[120020121]
[120020211]

[121022211]

[121122211]


[122120211]
[122021211]




[210020001]

[211022001]

[211122201]

[211122211]


[211222101]
[211222011]


[212120001]

[212121201]
[212120121]

[212121121]


[212120211]


[212021001]

[212121201]
[212021121]

[212121121]


[212021211]


[210020121]

[211022121]

[211122121]


[212120121]

[212121121]


[212021121]

[212121121]




[210020211]

[211220211]
[212120211]
[212021211]




[001022001]

[101222001]
[011222001]
[201122001]

[211122201]

[211122211]


[201122121]

[211122121]


[201122211]

[211122211]




[001222101]
[001222011]


[200120001]

[212120001]

[212121201]
[212120121]

[212121121]


[212120211]


[201122001]

[211122201]

[211122211]


[201122121]

[211122121]


[201122211]

[211122211]




[202121001]

[212121201]
[222121101]
[222121011]


[200120121]

[212120121]

[212121121]


[221120121]
[220121121]


[200120211]

[212120211]
[201122211]

[211122211]


[202121211]




[002021001]

[102021201]
[012021201]
[002121201]
[002021121]

[122021121]
[212021121]

[212121121]


[022121121]


[002021211]


[000020121]

[120020121]
[210020121]

[211022121]

[211122121]


[212120121]

[212121121]


[212021121]

[212121121]




[021020121]
[020120121]
[020021121]


[000020211]

[102020211]
[012020211]
[001022211]

[101222211]
[011222211]
[201122211]

[211122211]




[002120211]
[002021211]







