[000000000]
[000020001]
[000020010]
[000020100]
[000020112]
[000020121]
[000020211]
[000021000]
[000120000]
[001020000]
[001021002]
[001022001]
[001022211]
[001222011]
[001222101]
[002021001]
[002021121]
[002021211]
[002120211]
[002121201]
[010020000]
[011222001]
[011222211]
[012020211]
[012021201]
[020021121]
[020120121]
[021020121]
[022121121]
[100020000]
[100120200]
[100220100]
[100220112]
[100222101]
[100222110]
[101222001]
[101222100]
[101222112]
[101222211]
[102020211]
[102021201]
[102120201]
[102120210]
[102121200]
[110222100]
[110222112]
[112020000]
[112020201]
[112020210]
[112021200]
[112120200]
[112220100]
[112221120]
[112221121]
[112222101]
[112222110]
[120020001]
[120020010]
[120020121]
[120020211]
[120021000]
[120021021]
[120021120]
[120120021]
[120120210]
[120121020]
[120220110]
[120220111]
[120221100]
[120221112]
[120221121]
[121020000]
[121020021]
[121020120]
[121021002]
[121021020]
[121021122]
[121022211]
[121120020]
[121120200]
[121120221]
[121121022]
[121121220]
[121122210]
[121122211]
[121220010]
[121221012]
[121221112]
[121221120]
[121222011]
[121222110]
[122021010]
[122021121]
[122021211]
[122120211]
[122121210]
[122221110]
[122221111]
[200010000]
[200021010]
[200021100]
[200021112]
[200112000]
[200120001]
[200120010]
[200120100]
[200120112]
[200120121]
[200120211]
[200121000]
[200121012]
[200121102]
[200211000]
[200211201]
[200211210]
[201010200]
[201020010]
[201020100]
[201020112]
[201021012]
[201021102]
[201022011]
[201022101]
[201022111]
[201112200]
[201120000]
[201120012]
[201120102]
[201121002]
[201122001]
[201122121]
[201122211]
[201210201]
[201210210]
[201211200]
[202010100]
[202021011]
[202021101]
[202021111]
[202112100]
[202121001]
[202121211]
[202211100]
[210010020]
[210020001]
[210020010]
[210020100]
[210020112]
[210020121]
[210020211]
[210021000]
[210021012]
[210021102]
[210112020]
[210120000]
[210120012]
[210120102]
[210121002]
[210211020]
[210211200]
[210211221]
[211010220]
[211020000]
[211020012]
[211020102]
[211021002]
[211022001]
[211022121]
[211110222]
[211112220]
[211112221]
[211120002]
[211122121]
[211122201]
[211122211]
[211210200]
[211210221]
[211211220]
[211220211]
[211222011]
[211222101]
[212010021]
[212010120]
[212021001]
[212021121]
[212021211]
[212112021]
[212112102]
[212112120]
[212112121]
[212120001]
[212120121]
[212120211]
[212121121]
[212121201]
[212210121]
[212211021]
[212211120]
[212211121]
[220010001]
[220010010]
[220112001]
[220112010]
[220121121]
[221010210]
[221012001]
[221012101]
[221012211]
[221112201]
[221112210]
[221112211]
[221120121]
[221210211]
[221211210]
[222010011]
[222010101]
[222010110]
[222011001]
[222011010]
[222011100]
[222110001]
[222110010]
[222110100]
[222112011]
[222112101]
[222112110]
[222121011]
[222121101]
[222211101]
[222211110]
